Scale
	max: 1.0
	min: 0.4382284382284382
	mean: 0.7449916781155831
Density
	max: 2.2819148936170213
	min: 1.0
	mean: 1.419133853278455
weigth
	max: 24.063651000266898
	min: 5.43656365691809
	mean: 14.605632521149946
