Scale
	max: 1.0
	min: 0.125
	mean: 0.8418940139287284
Density
	max: 8.0
	min: 1.0
	mean: 1.239378909576342
weigth
	max: 53.03251019628674
	min: 1.2840254166877414
	mean: 11.800670691779581
